193
173
113
172
196
108
151
115
113
145
139
138
104
173
161
154
161
104
110
121
159
147
161
118
153
141
173
190
182
106
106
109
188
101
189
100
161
142
130
174
165
123
115
123
193
178
119
118
168
158
154
127
181
182
179
161
166
158
186
130
173
192
114
122
187
184
108
143
180
196
151
159
194
148
119
165
138
110
139
101
160
154
161
139
158
111
110
187
157
155
158
175
126
169
1000166
1000205
164
133
194
172
119
124
147
146
115
118
150
129
168
188
119
162
110
159
117
131
130
113
132
156
134
126
125
156
139
104
169
192
108
158
125
192
1000175
1000050
108
106
193
127
149
161
111
160
135
146
105
168
123
119
107
120
138
199
150
173
195
116
135
198
176
195
157
193
117
143
159
175
129
117
110
120
120
167
159
108
143
135
179
137
195
169
114
158
136
152
185
130
171
181
131
102
178
192
143
146
126
198
155
137
163
109
132
177